[3,3,0,3][0,1,3,0][5,0][-5,0]
[1,0,0,-5][0,-3][0,-6,0,-7][0,-b7,-6,0]
[-5,3,5][6,0,4,5][0,3,0,1][2,-7,0,0]
[1,0,0,-5][0,-3][0,-6,0,-7][0,-b7,-6,0]
[-5,3,5][6,0,4,5][0,3,0,1][2,-7,0,0]
[0,0,5,#4][4,#2,0,3][0,-#5,-6,1][0,-6,1,2]
[0,0,5,#4][4,#2,0,3][0,+1,0,+1][+1]
[0,0,5,#4][4,#2,0,3][0,-#5,-6,1][0,-6,1,2]
[0,b3][0,2,0,0][1][0]
[1,1,0,1][0,1,2,0][3,1,0,-6][-5]
[1,1,0,1][0,1,2,3][0][0]
[1,1,0,1][0,1,2,0][3,1,0,-6][-5]
[3,3,0,3][0,1,3,0][5,0][-5,0]
[3,1,0,-5][0,-#5][-6,4,0,4][-6]
[-7,6,6][6,5,4][3,1,0,-6][-5]
[3,1,0,-5][0,-#5][-6,4,0,4][-6]
[-7,4,0,4][4,3,2][1][0]
[1,+1,-6,6][-b7,b7,0,0][0][0]
[1,+1,-6,6][-b7,b7,0,0][0][0]
[-4,4,-2,2][-b3,b3,0,0][0][0]
[-4,4,-2,2][-b3,b3,0,0][0][0,(b3,2,b2)]
[1,b3][2,-b6][-5,b2][1,b5,4,3,b7,6][b6,b3,-7][-b7,-6,-b6]